        TIME,    TIDE,      OB,   SURGE,    BIAS,     TWL,SURGE90p,  TWL90p,SURGE10p,   TWL10p
202604040600,   0.948,9999.000,   0.200,9999.000,   1.148,   0.200,   1.148,   0.300,   1.248
202604040606,   0.941,9999.000,9999.000,9999.000,9999.000,9999.000,9999.000,9999.000,9999.000
202604040612,   0.933,9999.000,9999.000,9999.000,9999.000,9999.000,9999.000,9999.000,9999.000
202604040618,   0.925,9999.000,9999.000,9999.000,9999.000,9999.000,9999.000,9999.000,9999.000
202604040624,   0.916,9999.000,9999.000,9999.000,9999.000,9999.000,9999.000,9999.000,9999.000
202604040630,   0.908,9999.000,9999.000,9999.000,9999.000,9999.000,9999.000,9999.000,9999.000
202604040636,   0.899,9999.000,9999.000,9999.000,9999.000,9999.000,9999.000,9999.000,9999.000
202604040642,   0.890,9999.000,9999.000,9999.000,9999.000,9999.000,9999.000,9999.000,9999.000
202604040648,   0.880,9999.000,9999.000,9999.000,9999.000,9999.000,9999.000,9999.000,9999.000
202604040654,   0.871,9999.000,9999.000,9999.000,9999.000,9999.000,9999.000,9999.000,9999.000
202604040700,   0.861,9999.000,   0.200,9999.000,   1.061,   0.100,   0.961,   0.300,   1.161
202604040706,   0.850,9999.000,9999.000,9999.000,9999.000,9999.000,9999.000,9999.000,9999.000
202604040712,   0.839,9999.000,9999.000,9999.000,9999.000,9999.000,9999.000,9999.000,9999.000
202604040718,   0.828,9999.000,9999.000,9999.000,9999.000,9999.000,9999.000,9999.000,9999.000
202604040724,   0.816,9999.000,9999.000,9999.000,9999.000,9999.000,9999.000,9999.000,9999.000
202604040730,   0.804,9999.000,9999.000,9999.000,9999.000,9999.000,9999.000,9999.000,9999.000
202604040736,   0.791,9999.000,9999.000,9999.000,9999.000,9999.000,9999.000,9999.000,9999.000
202604040742,   0.778,9999.000,9999.000,9999.000,9999.000,9999.000,9999.000,9999.000,9999.000
202604040748,   0.764,9999.000,9999.000,9999.000,9999.000,9999.000,9999.000,9999.000,9999.000
202604040754,   0.749,9999.000,9999.000,9999.000,9999.000,9999.000,9999.000,9999.000,9999.000
202604040800,   0.734,9999.000,   0.200,9999.000,   0.934,   0.100,   0.834,   0.200,   0.934
202604040806,   0.719,9999.000,9999.000,9999.000,9999.000,9999.000,9999.000,9999.000,9999.000
202604040812,   0.702,9999.000,9999.000,9999.000,9999.000,9999.000,9999.000,9999.000,9999.000
202604040818,   0.686,9999.000,9999.000,9999.000,9999.000,9999.000,9999.000,9999.000,9999.000
202604040824,   0.669,9999.000,9999.000,9999.000,9999.000,9999.000,9999.000,9999.000,9999.000
202604040830,   0.651,9999.000,9999.000,9999.000,9999.000,9999.000,9999.000,9999.000,9999.000
202604040836,   0.634,9999.000,9999.000,9999.000,9999.000,9999.000,9999.000,9999.000,9999.000
202604040842,   0.616,9999.000,9999.000,9999.000,9999.000,9999.000,9999.000,9999.000,9999.000
202604040848,   0.598,9999.000,9999.000,9999.000,9999.000,9999.000,9999.000,9999.000,9999.000
202604040854,   0.580,9999.000,9999.000,9999.000,9999.000,9999.000,9999.000,9999.000,9999.000
202604040900,   0.562,9999.000,   0.200,9999.000,   0.762,   0.100,   0.662,   0.200,   0.762
202604040906,   0.544,9999.000,9999.000,9999.000,9999.000,9999.000,9999.000,9999.000,9999.000
202604040912,   0.526,9999.000,9999.000,9999.000,9999.000,9999.000,9999.000,9999.000,9999.000
202604040918,   0.508,9999.000,9999.000,9999.000,9999.000,9999.000,9999.000,9999.000,9999.000
202604040924,   0.490,9999.000,9999.000,9999.000,9999.000,9999.000,9999.000,9999.000,9999.000
202604040930,   0.472,9999.000,9999.000,9999.000,9999.000,9999.000,9999.000,9999.000,9999.000
202604040936,   0.455,9999.000,9999.000,9999.000,9999.000,9999.000,9999.000,9999.000,9999.000
202604040942,   0.438,9999.000,9999.000,9999.000,9999.000,9999.000,9999.000,9999.000,9999.000
202604040948,   0.421,9999.000,9999.000,9999.000,9999.000,9999.000,9999.000,9999.000,9999.000
202604040954,   0.405,9999.000,9999.000,9999.000,9999.000,9999.000,9999.000,9999.000,9999.000
202604041000,   0.389,9999.000,   0.200,9999.000,   0.589,   0.100,   0.489,   0.200,   0.589
202604041006,   0.373,9999.000,9999.000,9999.000,9999.000,9999.000,9999.000,9999.000,9999.000
202604041012,   0.358,9999.000,9999.000,9999.000,9999.000,9999.000,9999.000,9999.000,9999.000
202604041018,   0.343,9999.000,9999.000,9999.000,9999.000,9999.000,9999.000,9999.000,9999.000
202604041024,   0.328,9999.000,9999.000,9999.000,9999.000,9999.000,9999.000,9999.000,9999.000
202604041030,   0.315,9999.000,9999.000,9999.000,9999.000,9999.000,9999.000,9999.000,9999.000
202604041036,   0.301,9999.000,9999.000,9999.000,9999.000,9999.000,9999.000,9999.000,9999.000
202604041042,   0.288,9999.000,9999.000,9999.000,9999.000,9999.000,9999.000,9999.000,9999.000
202604041048,   0.276,9999.000,9999.000,9999.000,9999.000,9999.000,9999.000,9999.000,9999.000
202604041054,   0.265,9999.000,9999.000,9999.000,9999.000,9999.000,9999.000,9999.000,9999.000
202604041100,   0.254,9999.000,   0.100,9999.000,   0.354,   0.000,   0.254,   0.200,   0.454
202604041106,   0.244,9999.000,9999.000,9999.000,9999.000,9999.000,9999.000,9999.000,9999.000
202604041112,   0.235,9999.000,9999.000,9999.000,9999.000,9999.000,9999.000,9999.000,9999.000
202604041118,   0.228,9999.000,9999.000,9999.000,9999.000,9999.000,9999.000,9999.000,9999.000
202604041124,   0.221,9999.000,9999.000,9999.000,9999.000,9999.000,9999.000,9999.000,9999.000
202604041130,   0.215,9999.000,9999.000,9999.000,9999.000,9999.000,9999.000,9999.000,9999.000
202604041136,   0.211,9999.000,9999.000,9999.000,9999.000,9999.000,9999.000,9999.000,9999.000
202604041142,   0.207,9999.000,9999.000,9999.000,9999.000,9999.000,9999.000,9999.000,9999.000
202604041148,   0.205,9999.000,9999.000,9999.000,9999.000,9999.000,9999.000,9999.000,9999.000
202604041154,   0.205,9999.000,9999.000,9999.000,9999.000,9999.000,9999.000,9999.000,9999.000
202604041200,   0.205,9999.000,   0.100,9999.000,   0.305,   0.100,   0.305,   0.200,   0.405
202604041206,   0.207,9999.000,9999.000,9999.000,9999.000,9999.000,9999.000,9999.000,9999.000
202604041212,   0.209,9999.000,9999.000,9999.000,9999.000,9999.000,9999.000,9999.000,9999.000
202604041218,   0.213,9999.000,9999.000,9999.000,9999.000,9999.000,9999.000,9999.000,9999.000
202604041224,   0.218,9999.000,9999.000,9999.000,9999.000,9999.000,9999.000,9999.000,9999.000
202604041230,   0.224,9999.000,9999.000,9999.000,9999.000,9999.000,9999.000,9999.000,9999.000
202604041236,   0.230,9999.000,9999.000,9999.000,9999.000,9999.000,9999.000,9999.000,9999.000
202604041242,   0.238,9999.000,9999.000,9999.000,9999.000,9999.000,9999.000,9999.000,9999.000
202604041248,   0.246,9999.000,9999.000,9999.000,9999.000,9999.000,9999.000,9999.000,9999.000
202604041254,   0.254,9999.000,9999.000,9999.000,9999.000,9999.000,9999.000,9999.000,9999.000
202604041300,   0.263,9999.000,   0.100,9999.000,   0.363,   0.100,   0.363,   0.200,   0.463
202604041306,   0.272,9999.000,9999.000,9999.000,9999.000,9999.000,9999.000,9999.000,9999.000
202604041312,   0.281,9999.000,9999.000,9999.000,9999.000,9999.000,9999.000,9999.000,9999.000
202604041318,   0.290,9999.000,9999.000,9999.000,9999.000,9999.000,9999.000,9999.000,9999.000
202604041324,   0.299,9999.000,9999.000,9999.000,9999.000,9999.000,9999.000,9999.000,9999.000
202604041330,   0.308,9999.000,9999.000,9999.000,9999.000,9999.000,9999.000,9999.000,9999.000
202604041336,   0.318,9999.000,9999.000,9999.000,9999.000,9999.000,9999.000,9999.000,9999.000
202604041342,   0.326,9999.000,9999.000,9999.000,9999.000,9999.000,9999.000,9999.000,9999.000
202604041348,   0.335,9999.000,9999.000,9999.000,9999.000,9999.000,9999.000,9999.000,9999.000
202604041354,   0.344,9999.000,9999.000,9999.000,9999.000,9999.000,9999.000,9999.000,9999.000
202604041400,   0.352,9999.000,   0.100,9999.000,   0.452,   0.100,   0.452,   0.200,   0.552
202604041406,   0.361,9999.000,9999.000,9999.000,9999.000,9999.000,9999.000,9999.000,9999.000
202604041412,   0.369,9999.000,9999.000,9999.000,9999.000,9999.000,9999.000,9999.000,9999.000
202604041418,   0.378,9999.000,9999.000,9999.000,9999.000,9999.000,9999.000,9999.000,9999.000
202604041424,   0.387,9999.000,9999.000,9999.000,9999.000,9999.000,9999.000,9999.000,9999.000
202604041430,   0.396,9999.000,9999.000,9999.000,9999.000,9999.000,9999.000,9999.000,9999.000
202604041436,   0.405,9999.000,9999.000,9999.000,9999.000,9999.000,9999.000,9999.000,9999.000
202604041442,   0.414,9999.000,9999.000,9999.000,9999.000,9999.000,9999.000,9999.000,9999.000
202604041448,   0.424,9999.000,9999.000,9999.000,9999.000,9999.000,9999.000,9999.000,9999.000
202604041454,   0.435,9999.000,9999.000,9999.000,9999.000,9999.000,9999.000,9999.000,9999.000
202604041500,   0.446,9999.000,   0.200,9999.000,   0.646,   0.100,   0.546,   0.200,   0.646
202604041506,   0.457,9999.000,9999.000,9999.000,9999.000,9999.000,9999.000,9999.000,9999.000
202604041512,   0.469,9999.000,9999.000,9999.000,9999.000,9999.000,9999.000,9999.000,9999.000
202604041518,   0.482,9999.000,9999.000,9999.000,9999.000,9999.000,9999.000,9999.000,9999.000
202604041524,   0.495,9999.000,9999.000,9999.000,9999.000,9999.000,9999.000,9999.000,9999.000
202604041530,   0.508,9999.000,9999.000,9999.000,9999.000,9999.000,9999.000,9999.000,9999.000
202604041536,   0.522,9999.000,9999.000,9999.000,9999.000,9999.000,9999.000,9999.000,9999.000
202604041542,   0.536,9999.000,9999.000,9999.000,9999.000,9999.000,9999.000,9999.000,9999.000
202604041548,   0.550,9999.000,9999.000,9999.000,9999.000,9999.000,9999.000,9999.000,9999.000
202604041554,   0.563,9999.000,9999.000,9999.000,9999.000,9999.000,9999.000,9999.000,9999.000
202604041600,   0.577,9999.000,   0.200,9999.000,   0.777,   0.100,   0.677,   0.200,   0.777
202604041606,   0.590,9999.000,9999.000,9999.000,9999.000,9999.000,9999.000,9999.000,9999.000
202604041612,   0.602,9999.000,9999.000,9999.000,9999.000,9999.000,9999.000,9999.000,9999.000
202604041618,   0.614,9999.000,9999.000,9999.000,9999.000,9999.000,9999.000,9999.000,9999.000
202604041624,   0.624,9999.000,9999.000,9999.000,9999.000,9999.000,9999.000,9999.000,9999.000
202604041630,   0.634,9999.000,9999.000,9999.000,9999.000,9999.000,9999.000,9999.000,9999.000
202604041636,   0.642,9999.000,9999.000,9999.000,9999.000,9999.000,9999.000,9999.000,9999.000
202604041642,   0.649,9999.000,9999.000,9999.000,9999.000,9999.000,9999.000,9999.000,9999.000
202604041648,   0.655,9999.000,9999.000,9999.000,9999.000,9999.000,9999.000,9999.000,9999.000
202604041654,   0.659,9999.000,9999.000,9999.000,9999.000,9999.000,9999.000,9999.000,9999.000
202604041700,   0.662,9999.000,   0.200,9999.000,   0.862,   0.200,   0.862,   0.200,   0.862
202604041706,   0.663,9999.000,9999.000,9999.000,9999.000,9999.000,9999.000,9999.000,9999.000
202604041712,   0.663,9999.000,9999.000,9999.000,9999.000,9999.000,9999.000,9999.000,9999.000
202604041718,   0.661,9999.000,9999.000,9999.000,9999.000,9999.000,9999.000,9999.000,9999.000
202604041724,   0.658,9999.000,9999.000,9999.000,9999.000,9999.000,9999.000,9999.000,9999.000
202604041730,   0.653,9999.000,9999.000,9999.000,9999.000,9999.000,9999.000,9999.000,9999.000
202604041736,   0.647,9999.000,9999.000,9999.000,9999.000,9999.000,9999.000,9999.000,9999.000
202604041742,   0.640,9999.000,9999.000,9999.000,9999.000,9999.000,9999.000,9999.000,9999.000
202604041748,   0.632,9999.000,9999.000,9999.000,9999.000,9999.000,9999.000,9999.000,9999.000
202604041754,   0.624,9999.000,9999.000,9999.000,9999.000,9999.000,9999.000,9999.000,9999.000
202604041800,   0.614,9999.000,   0.200,9999.000,   0.814,   0.200,   0.814,   0.200,   0.814
202604041806,   0.604,9999.000,9999.000,9999.000,9999.000,9999.000,9999.000,9999.000,9999.000
202604041812,   0.593,9999.000,9999.000,9999.000,9999.000,9999.000,9999.000,9999.000,9999.000
202604041818,   0.582,9999.000,9999.000,9999.000,9999.000,9999.000,9999.000,9999.000,9999.000
202604041824,   0.570,9999.000,9999.000,9999.000,9999.000,9999.000,9999.000,9999.000,9999.000
202604041830,   0.559,9999.000,9999.000,9999.000,9999.000,9999.000,9999.000,9999.000,9999.000
202604041836,   0.547,9999.000,9999.000,9999.000,9999.000,9999.000,9999.000,9999.000,9999.000
202604041842,   0.536,9999.000,9999.000,9999.000,9999.000,9999.000,9999.000,9999.000,9999.000
202604041848,   0.524,9999.000,9999.000,9999.000,9999.000,9999.000,9999.000,9999.000,9999.000
202604041854,   0.512,9999.000,9999.000,9999.000,9999.000,9999.000,9999.000,9999.000,9999.000
202604041900,   0.501,9999.000,   0.200,9999.000,   0.701,   0.200,   0.701,   0.300,   0.801
202604041906,   0.489,9999.000,9999.000,9999.000,9999.000,9999.000,9999.000,9999.000,9999.000
202604041912,   0.478,9999.000,9999.000,9999.000,9999.000,9999.000,9999.000,9999.000,9999.000
202604041918,   0.467,9999.000,9999.000,9999.000,9999.000,9999.000,9999.000,9999.000,9999.000
202604041924,   0.455,9999.000,9999.000,9999.000,9999.000,9999.000,9999.000,9999.000,9999.000
202604041930,   0.444,9999.000,9999.000,9999.000,9999.000,9999.000,9999.000,9999.000,9999.000
202604041936,   0.432,9999.000,9999.000,9999.000,9999.000,9999.000,9999.000,9999.000,9999.000
202604041942,   0.420,9999.000,9999.000,9999.000,9999.000,9999.000,9999.000,9999.000,9999.000
202604041948,   0.408,9999.000,9999.000,9999.000,9999.000,9999.000,9999.000,9999.000,9999.000
202604041954,   0.396,9999.000,9999.000,9999.000,9999.000,9999.000,9999.000,9999.000,9999.000
202604042000,   0.384,9999.000,   0.300,9999.000,   0.684,   0.200,   0.584,   0.300,   0.684
202604042006,   0.371,9999.000,9999.000,9999.000,9999.000,9999.000,9999.000,9999.000,9999.000
202604042012,   0.358,9999.000,9999.000,9999.000,9999.000,9999.000,9999.000,9999.000,9999.000
202604042018,   0.345,9999.000,9999.000,9999.000,9999.000,9999.000,9999.000,9999.000,9999.000
202604042024,   0.332,9999.000,9999.000,9999.000,9999.000,9999.000,9999.000,9999.000,9999.000
202604042030,   0.318,9999.000,9999.000,9999.000,9999.000,9999.000,9999.000,9999.000,9999.000
202604042036,   0.304,9999.000,9999.000,9999.000,9999.000,9999.000,9999.000,9999.000,9999.000
202604042042,   0.290,9999.000,9999.000,9999.000,9999.000,9999.000,9999.000,9999.000,9999.000
202604042048,   0.276,9999.000,9999.000,9999.000,9999.000,9999.000,9999.000,9999.000,9999.000
202604042054,   0.262,9999.000,9999.000,9999.000,9999.000,9999.000,9999.000,9999.000,9999.000
202604042100,   0.248,9999.000,   0.400,9999.000,   0.648,   0.300,   0.548,   0.400,   0.648
202604042106,   0.234,9999.000,9999.000,9999.000,9999.000,9999.000,9999.000,9999.000,9999.000
202604042112,   0.220,9999.000,9999.000,9999.000,9999.000,9999.000,9999.000,9999.000,9999.000
202604042118,   0.206,9999.000,9999.000,9999.000,9999.000,9999.000,9999.000,9999.000,9999.000
202604042124,   0.193,9999.000,9999.000,9999.000,9999.000,9999.000,9999.000,9999.000,9999.000
202604042130,   0.180,9999.000,9999.000,9999.000,9999.000,9999.000,9999.000,9999.000,9999.000
202604042136,   0.167,9999.000,9999.000,9999.000,9999.000,9999.000,9999.000,9999.000,9999.000
202604042142,   0.154,9999.000,9999.000,9999.000,9999.000,9999.000,9999.000,9999.000,9999.000
202604042148,   0.142,9999.000,9999.000,9999.000,9999.000,9999.000,9999.000,9999.000,9999.000
202604042154,   0.131,9999.000,9999.000,9999.000,9999.000,9999.000,9999.000,9999.000,9999.000
202604042200,   0.120,9999.000,   0.500,9999.000,   0.620,   0.400,   0.520,   0.600,   0.720
202604042206,   0.109,9999.000,9999.000,9999.000,9999.000,9999.000,9999.000,9999.000,9999.000
202604042212,   0.099,9999.000,9999.000,9999.000,9999.000,9999.000,9999.000,9999.000,9999.000
202604042218,   0.090,9999.000,9999.000,9999.000,9999.000,9999.000,9999.000,9999.000,9999.000
202604042224,   0.081,9999.000,9999.000,9999.000,9999.000,9999.000,9999.000,9999.000,9999.000
202604042230,   0.073,9999.000,9999.000,9999.000,9999.000,9999.000,9999.000,9999.000,9999.000
202604042236,   0.065,9999.000,9999.000,9999.000,9999.000,9999.000,9999.000,9999.000,9999.000
202604042242,   0.058,9999.000,9999.000,9999.000,9999.000,9999.000,9999.000,9999.000,9999.000
202604042248,   0.051,9999.000,9999.000,9999.000,9999.000,9999.000,9999.000,9999.000,9999.000
202604042254,   0.045,9999.000,9999.000,9999.000,9999.000,9999.000,9999.000,9999.000,9999.000
202604042300,   0.040,9999.000,   0.600,9999.000,   0.640,   0.500,   0.540,   0.600,   0.640
202604042306,   0.036,9999.000,9999.000,9999.000,9999.000,9999.000,9999.000,9999.000,9999.000
202604042312,   0.033,9999.000,9999.000,9999.000,9999.000,9999.000,9999.000,9999.000,9999.000
202604042318,   0.030,9999.000,9999.000,9999.000,9999.000,9999.000,9999.000,9999.000,9999.000
202604042324,   0.028,9999.000,9999.000,9999.000,9999.000,9999.000,9999.000,9999.000,9999.000
202604042330,   0.028,9999.000,9999.000,9999.000,9999.000,9999.000,9999.000,9999.000,9999.000
202604042336,   0.028,9999.000,9999.000,9999.000,9999.000,9999.000,9999.000,9999.000,9999.000
202604042342,   0.030,9999.000,9999.000,9999.000,9999.000,9999.000,9999.000,9999.000,9999.000
202604042348,   0.032,9999.000,9999.000,9999.000,9999.000,9999.000,9999.000,9999.000,9999.000
202604042354,   0.036,9999.000,9999.000,9999.000,9999.000,9999.000,9999.000,9999.000,9999.000
202604050000,   0.041,9999.000,   0.400,9999.000,   0.441,   0.400,   0.441,   0.500,   0.541
202604050006,   0.048,9999.000,9999.000,9999.000,9999.000,9999.000,9999.000,9999.000,9999.000
202604050012,   0.056,9999.000,9999.000,9999.000,9999.000,9999.000,9999.000,9999.000,9999.000
202604050018,   0.065,9999.000,9999.000,9999.000,9999.000,9999.000,9999.000,9999.000,9999.000
202604050024,   0.075,9999.000,9999.000,9999.000,9999.000,9999.000,9999.000,9999.000,9999.000
202604050030,   0.087,9999.000,9999.000,9999.000,9999.000,9999.000,9999.000,9999.000,9999.000
202604050036,   0.100,9999.000,9999.000,9999.000,9999.000,9999.000,9999.000,9999.000,9999.000
202604050042,   0.114,9999.000,9999.000,9999.000,9999.000,9999.000,9999.000,9999.000,9999.000
202604050048,   0.129,9999.000,9999.000,9999.000,9999.000,9999.000,9999.000,9999.000,9999.000
202604050054,   0.144,9999.000,9999.000,9999.000,9999.000,9999.000,9999.000,9999.000,9999.000
202604050100,   0.161,9999.000,   0.500,9999.000,   0.661,   0.400,   0.561,   0.500,   0.661
202604050106,   0.179,9999.000,9999.000,9999.000,9999.000,9999.000,9999.000,9999.000,9999.000
202604050112,   0.197,9999.000,9999.000,9999.000,9999.000,9999.000,9999.000,9999.000,9999.000
202604050118,   0.216,9999.000,9999.000,9999.000,9999.000,9999.000,9999.000,9999.000,9999.000
202604050124,   0.235,9999.000,9999.000,9999.000,9999.000,9999.000,9999.000,9999.000,9999.000
202604050130,   0.254,9999.000,9999.000,9999.000,9999.000,9999.000,9999.000,9999.000,9999.000
202604050136,   0.273,9999.000,9999.000,9999.000,9999.000,9999.000,9999.000,9999.000,9999.000
202604050142,   0.293,9999.000,9999.000,9999.000,9999.000,9999.000,9999.000,9999.000,9999.000
202604050148,   0.312,9999.000,9999.000,9999.000,9999.000,9999.000,9999.000,9999.000,9999.000
202604050154,   0.332,9999.000,9999.000,9999.000,9999.000,9999.000,9999.000,9999.000,9999.000
202604050200,   0.351,9999.000,   0.500,9999.000,   0.851,   0.500,   0.851,   0.600,   0.951
202604050206,   0.370,9999.000,9999.000,9999.000,9999.000,9999.000,9999.000,9999.000,9999.000
202604050212,   0.388,9999.000,9999.000,9999.000,9999.000,9999.000,9999.000,9999.000,9999.000
202604050218,   0.407,9999.000,9999.000,9999.000,9999.000,9999.000,9999.000,9999.000,9999.000
202604050224,   0.425,9999.000,9999.000,9999.000,9999.000,9999.000,9999.000,9999.000,9999.000
202604050230,   0.443,9999.000,9999.000,9999.000,9999.000,9999.000,9999.000,9999.000,9999.000
202604050236,   0.461,9999.000,9999.000,9999.000,9999.000,9999.000,9999.000,9999.000,9999.000
202604050242,   0.479,9999.000,9999.000,9999.000,9999.000,9999.000,9999.000,9999.000,9999.000
202604050248,   0.497,9999.000,9999.000,9999.000,9999.000,9999.000,9999.000,9999.000,9999.000
202604050254,   0.515,9999.000,9999.000,9999.000,9999.000,9999.000,9999.000,9999.000,9999.000
202604050300,   0.533,9999.000,   0.600,9999.000,   1.133,   0.500,   1.033,   0.600,   1.133
202604050306,   0.552,9999.000,9999.000,9999.000,9999.000,9999.000,9999.000,9999.000,9999.000
202604050312,   0.570,9999.000,9999.000,9999.000,9999.000,9999.000,9999.000,9999.000,9999.000
202604050318,   0.589,9999.000,9999.000,9999.000,9999.000,9999.000,9999.000,9999.000,9999.000
202604050324,   0.608,9999.000,9999.000,9999.000,9999.000,9999.000,9999.000,9999.000,9999.000
202604050330,   0.628,9999.000,9999.000,9999.000,9999.000,9999.000,9999.000,9999.000,9999.000
202604050336,   0.648,9999.000,9999.000,9999.000,9999.000,9999.000,9999.000,9999.000,9999.000
202604050342,   0.668,9999.000,9999.000,9999.000,9999.000,9999.000,9999.000,9999.000,9999.000
202604050348,   0.689,9999.000,9999.000,9999.000,9999.000,9999.000,9999.000,9999.000,9999.000
202604050354,   0.710,9999.000,9999.000,9999.000,9999.000,9999.000,9999.000,9999.000,9999.000
202604050400,   0.731,9999.000,   0.600,9999.000,   1.331,   0.500,   1.231,   0.600,   1.331
202604050406,   0.752,9999.000,9999.000,9999.000,9999.000,9999.000,9999.000,9999.000,9999.000
202604050412,   0.773,9999.000,9999.000,9999.000,9999.000,9999.000,9999.000,9999.000,9999.000
202604050418,   0.793,9999.000,9999.000,9999.000,9999.000,9999.000,9999.000,9999.000,9999.000
202604050424,   0.814,9999.000,9999.000,9999.000,9999.000,9999.000,9999.000,9999.000,9999.000
202604050430,   0.833,9999.000,9999.000,9999.000,9999.000,9999.000,9999.000,9999.000,9999.000
202604050436,   0.852,9999.000,9999.000,9999.000,9999.000,9999.000,9999.000,9999.000,9999.000
202604050442,   0.870,9999.000,9999.000,9999.000,9999.000,9999.000,9999.000,9999.000,9999.000
202604050448,   0.887,9999.000,9999.000,9999.000,9999.000,9999.000,9999.000,9999.000,9999.000
202604050454,   0.902,9999.000,9999.000,9999.000,9999.000,9999.000,9999.000,9999.000,9999.000
202604050500,   0.916,9999.000,   0.600,9999.000,   1.516,   0.500,   1.416,   0.700,   1.616
202604050506,   0.929,9999.000,9999.000,9999.000,9999.000,9999.000,9999.000,9999.000,9999.000
202604050512,   0.940,9999.000,9999.000,9999.000,9999.000,9999.000,9999.000,9999.000,9999.000
202604050518,   0.950,9999.000,9999.000,9999.000,9999.000,9999.000,9999.000,9999.000,9999.000
202604050524,   0.957,9999.000,9999.000,9999.000,9999.000,9999.000,9999.000,9999.000,9999.000
202604050530,   0.964,9999.000,9999.000,9999.000,9999.000,9999.000,9999.000,9999.000,9999.000
202604050536,   0.968,9999.000,9999.000,9999.000,9999.000,9999.000,9999.000,9999.000,9999.000
202604050542,   0.970,9999.000,9999.000,9999.000,9999.000,9999.000,9999.000,9999.000,9999.000
202604050548,   0.971,9999.000,9999.000,9999.000,9999.000,9999.000,9999.000,9999.000,9999.000
202604050554,   0.971,9999.000,9999.000,9999.000,9999.000,9999.000,9999.000,9999.000,9999.000
202604050600,   0.969,9999.000,   0.600,9999.000,   1.569,   0.500,   1.469,   0.600,   1.569
202604050606,   0.966,9999.000,9999.000,9999.000,9999.000,9999.000,9999.000,9999.000,9999.000
202604050612,   0.961,9999.000,9999.000,9999.000,9999.000,9999.000,9999.000,9999.000,9999.000
202604050618,   0.955,9999.000,9999.000,9999.000,9999.000,9999.000,9999.000,9999.000,9999.000
202604050624,   0.948,9999.000,9999.000,9999.000,9999.000,9999.000,9999.000,9999.000,9999.000
202604050630,   0.941,9999.000,9999.000,9999.000,9999.000,9999.000,9999.000,9999.000,9999.000
202604050636,   0.933,9999.000,9999.000,9999.000,9999.000,9999.000,9999.000,9999.000,9999.000
202604050642,   0.924,9999.000,9999.000,9999.000,9999.000,9999.000,9999.000,9999.000,9999.000
202604050648,   0.914,9999.000,9999.000,9999.000,9999.000,9999.000,9999.000,9999.000,9999.000
